6
60
0 "0 - Guarulhos (GRU)" 0
1 "1 - Congonhas (CGH)" 0
2 "2 - Viracopos (VCP)" 0
3 "3 - Brasília (BSB)" 0
4 "4 - Galeão (GIG)" 0
5 "5 - Santos Dumont (SDU)" 0
6 "6 - Confins (CNF)" 0
7 "7 - Porto Alegre (POA)" 0
8 "8 - Curitiba (CWB)" 0
9 "9 - Salvador (SSA)" 0
10 "10 - Recife (REC)" 0
11 "11 - Fortaleza (FOR)" 0
12 "12 - Manaus (MAO)" 0
13 "13 - Belém (BEL)" 0
14 "14 - Florianópolis (FLN)" 0
15 "15 - Vitória (VIX)" 0
16 "16 - Goiânia (GYN)" 0
17 "17 - Campinas (CPQ)" 0
18 "18 - Campo Grande (CGR)" 0
19 "19 - Cuiabá (CGB)" 0
20 "20 - São Luís (SLZ)" 0
21 "21 - Teresina (THE)" 0
22 "22 - Maceió (MCZ)" 0
23 "23 - João Pessoa (JPA)" 0
24 "24 - Natal (NAT)" 0
25 "25 - Aracaju (AJU)" 0
26 "26 - Palmas (PMW)" 0
27 "27 - Porto Velho (PVH)" 0
28 "28 - Rio Branco (RBR)" 0
29 "29 - Macapá (MCP)" 0
30 "30 - Boa Vista (BVB)" 0
31 "31 - Foz do Iguaçu (IGU)" 0
32 "32 - Londrina (LDB)" 0
33 "33 - Maringá (MGF)" 0
34 "34 - Ribeirão Preto (RAO)" 0
35 "35 - São José do Rio Preto (SJP)" 0
36 "36 - Uberlândia (UDI)" 0
37 "37 - Juiz de Fora (JDF)" 0
38 "38 - Caxias do Sul (CXJ)" 0
39 "39 - Joinville (JOI)" 0
40 "40 - Navegantes (NVT)" 0
41 "41 - Passo Fundo (PFB)" 0
42 "42 - Pelotas (PET)" 0
43 "43 - Santarem (STM)" 0
44 "44 - Marabá (MAB)" 0
45 "45 - Ilhéus (IOS)" 0
46 "46 - Petrolina (PNZ)" 0
47 "47 - Cascavel (CAC)" 0
48 "48 - Ponta Grossa (PGZ)" 0
49 "49 - Parnaíba (PHB)" 0
50 "50 - Carajás (CKS)" 0
51 "51 - Montes Claros (MOC)" 0
52 "52 - Sinop (OPS)" 0
53 "53 - Altamira (ATM)" 0
54 "54 - Imperatriz (IMP)" 0
55 "55 - Uberaba (UBA)" 0
56 "56 - Ipatinga (IPN)" 0
57 "57 - Tabatinga (TBT)" 0
58 "58 - Tefé (TFF)" 0
59 "59 - Araguaína (AUX)" 0
218
0 1 600
0 2 600
0 3 800
0 4 800
0 6 800
0 7 800
0 8 800
0 9 800
0 10 800
0 11 800
0 12 800
0 13 800
0 15 650
0 17 600
0 34 600
0 35 600
1 0 600
2 0 600
3 0 800
3 4 800
3 6 800
3 7 800
3 8 800
3 9 800
3 10 800
3 11 800
3 12 800
3 13 800
3 16 600
3 19 600
3 26 600
3 36 600
3 52 600
3 55 600
4 0 800
4 3 800
4 5 600
4 6 800
4 7 800
4 8 800
4 9 800
4 10 800
4 11 800
4 12 800
4 13 800
4 37 600
5 4 600
6 0 800
6 3 800
6 4 800
6 7 800
6 8 800
6 9 800
6 10 800
6 11 800
6 12 800
6 13 800
6 15 600
6 51 600
6 56 600
7 0 800
7 3 800
7 4 800
7 6 800
7 8 800
7 9 800
7 10 800
7 11 800
7 12 800
7 13 800
7 38 600
7 41 600
7 42 600
8 0 800
8 3 800
8 4 800
8 6 800
8 7 800
8 9 800
8 10 800
8 11 800
8 12 800
8 13 800
8 14 600
8 14 650
8 18 600
8 31 600
8 32 600
8 32 650
8 33 600
8 39 600
8 40 600
8 47 600
8 48 600
9 0 800
9 3 800
9 4 800
9 6 800
9 7 800
9 8 800
9 10 800
9 11 800
9 12 800
9 13 800
9 25 600
9 45 600
9 46 600
10 0 800
10 3 800
10 4 800
10 6 800
10 7 800
10 8 800
10 9 800
10 11 800
10 12 800
10 13 800
10 22 600
10 22 650
10 23 600
10 24 600
11 0 800
11 3 800
11 4 800
11 6 800
11 7 800
11 8 800
11 9 800
11 10 800
11 12 800
11 13 800
11 21 600
11 49 600
12 0 800
12 3 800
12 4 800
12 6 800
12 7 800
12 8 800
12 9 800
12 10 800
12 11 800
12 13 800
12 27 600
12 28 600
12 30 600
12 43 600
12 57 600
12 58 600
13 0 800
13 3 800
13 4 800
13 6 800
13 7 800
13 8 800
13 9 800
13 10 800
13 11 800
13 12 800
13 20 600
13 29 600
13 44 600
13 50 600
13 53 600
13 54 600
13 59 600
14 8 600
14 8 650
15 0 650
15 6 600
16 3 600
17 0 600
18 8 600
19 3 600
20 13 600
21 11 600
22 10 600
22 10 650
23 10 600
24 10 600
25 9 600
26 3 600
26 59 650
27 12 600
28 12 600
29 13 600
30 12 600
31 8 600
32 8 600
32 8 650
33 8 600
34 0 600
35 0 600
36 3 600
37 4 600
38 7 600
39 8 600
40 8 600
41 7 600
42 7 600
43 12 600
44 13 600
45 9 600
46 9 600
47 8 600
48 8 600
49 11 600
50 13 600
51 6 600
52 3 600
53 13 600
54 13 600
55 3 600
56 6 600
57 12 600
58 12 600
59 13 600
59 26 650